  944443
  293674
  572153
  600579
  499569
  984875
  763178
  295754
   44696
  207807
  138910
  903531
  140925
  699418
  759984
  199694
  774549
  635871
  161828
  805380
  134374
  393272
  705679
  727220
  608593
  357076
  281423
  415251
  838388
  941553
17672230
  325693
  376009
  668915
  860293
  731361
  228257
  103321
  265603
  854484
  453785
  981929
  785662
  873669
  841586
  271429
  485929
51849195
    6110
  828144
  873105
  830261
  303603
  532528
  395929
  426105
  862017
  497734
  659834
  443437
  880214
   23422
  230666
  597961
40363603
  695242
  168259
  291309
  711597
  122597
  455659
  887400
  208174
  336606
  121972
  639749
  648996
  294448
  223854
   84749
  221682
  492934
 1820537
  845486
  557139
    2815
  212045
  982825
  507542
  813224
  749377
  279472
  784143
  659032
  512983
  822622
  326687
  339573
  965818
  298090
  284617
  143183
  951261
  365419
  269962
  630195
  451909
  668711
  947805
  282706
  200489
   54856
  751683
  995397
  937443
  390839
  437652
  190344
  737805
  540834
  731307
   44318
57187544
  234226
  881957
  806495
  339180
  100957
  746224
  297241
  499980
  167083
  115312
  472553
  250280
74175905
  713553
   33079
  340055
  426579
  707753
  608131
   87382
  297470
  997395
  823361
  865151
   55038
  166456
  675377
  157273
  562192
  131365
  547637
  156775
  483646
  676868
  778690
  789556
  215299
  369127
  970399
  202428
  168589
  702016
  623133
  646552
  959998
  577716
  953256
44151053
  406296
  892067
  709858
  898384
  791952
  842480
  948036
  219000
  153914
  434563
  325522
  939778
  542103
   66420
  924112
   54009
  950868
  945611
  692734
  178437
  804007
  655110
  487599
  637350
  577864
  876320
  650576
   14118
  647830
  952978
  649033
  574514
  409623
  956770
  891981
  987994
  626148
  692521
  536363
  126865
  269819
  825415
  383860
  168757
  186899
  523946
  518697
  869313
  761452
  295915
  269008
  877727
  373180
  234443
  705268
  118035
  503217
  260170
  191790
  266263
  938709
  776130
  784997
  345497
  761403
95387534
  548180
  633297
77869581
  715243
  945367
  595597
  505324
  751273
  636684
  313650
  733539
  209645
  128034
  505691
  653235
  630169
  911043
  560708
  272105
    3581
   79706
  111862
62372282
  257327
  767714
  351031
  394435
  108475
  487388
  110643
   93180
   31351
  423970
  429978
  308624
  547390
  980144
27430791
  893507
  396300
  917286
  398277
  764883
  548204
  575547
  691547
  850240
   62291
   54099
  145319
  680733
  150788
  830963
  370913
   80884
  271331
   15095
  391896
  359970
  172933
  230410
  319793
  983356
  334616
  932066
  491006
  167350
  668685
  291333
  406845
  816396
  343545
  823119
  693277
     931
  318987
  247879
  939065
   20605
  446624
  300338
  969881
  418172
  279254
   94961
  497995
  587557
  996169
  779377
  727903
  834632
   80510
45236436
  443880
79053700
  308190
  271482
  343606
  689937
  373709
  605208
  482100
63215642
  393099
  311080
  810792
  721297
  441251
  838399
  936805
  987167
   90937
  685707
  631721
  787451
  511192
  961948
  677912
  836812
  127316
  788529
   96290
  113506
  234621
  933521
  872458
  308792
  462929
   47920
  785962
   14749
36150078
  967690
  573936
   55640
43555534
  372356
  161889
  729400
  587590
  460699
  634154
  654700
   82871
  103997
  371363
   53154
  673520
  412429
  496496
   22134
  648355
  680879
  660071
  275901
  594855
  660055
  999998
  235431
  150827
  802776
  820004
  120872
  749602
  558431
  884294
  621706
  289467
  286399
  500446
  280876
   61081
  228355
  890398
  353663
  349437
  394489
  838750
  584256
  931304
  548915
  460153
  133570
  273034
   85565
   31808
  943789
  716238
  345046
  860543
  250882
  733597
  431172
  406629
  620119
  714279
   30543
  951691
  549531
  300725
79945646
  677779
  880123
  756876
   63053
  954309
  371506
  244203
  669771
  735179
  244898
  109380
  126487
  958830
  918021
  873228
   91384
  496500
  371742
   22840
  985541
  658410
  790907
  291974
43801756
39914472
  297281
  553361
    4250
  502467
  381782
  114528
  131076
  739991
  341226
   92874
  948484
  661983
  824859
    9854
  962869
  304552
  270893
  269185
  621792
  373889
   77040
  783259
15402570
47028037
  251091
  641510
  884022
  313526
  403225
  625411
  571805
  551950
  362717
  914302
39470319
  655090
  385867
  213434
  656662
  601033
  657236
  296824
  412117
  670992
  740839
  987886
  357517
  928756
  630129
  757153
  203339
  922550
  384871
  861137
92594515
  108612
  248915
  658343
  423384
  569247
  419648
  316253
  756433
  689498
  373784
  685941
  138007
  431049
  503745
  518669
  464162
  290312
  331904
  999527
  937027
  556483
  134763
  801991
  797252
  461554
  592014
   88152
  503907
  349077
  417474
  905651
  852483
  509926
   44995
  739898
   83400
60342506
  294263
  638571
  862942
  512326
  985164
  855883
76999665
  511594
  506591
  858989
  508166
  515808
  930591
  922526
  419930
   45478
  789855
  514911
  763855
  626903
  964818
    2661
  275732
  592445
  985919
  673662
  175755
  658395
  869496
  851298
  595775
  389422
  814877
  482128
  502178
  680577
  873581
  243075
  330976
  812615
  510731
  127905
   81035
  840156
  545709
  575345
  888942
  871671
  376622
  674871
  617457
  441449
   71626
  344152
  294471
   10932
  703217
  766204
  197074
  589874
  136165
  500410
  365594
  311371
  649156
  215286
  451628
  825884
  502413
  738446
  426175
  135967
   50423
  727611
  262670
  285748
  688594
  308499
  610208
  604126
  989933
  945183
  835975
  527091
  970156
  481639
  860190
  202031
  676158
  845303
  980231
   34148
  119111
  250856
34552593
  126291
  512670
  813777
  481051
  661793
  289618
  875872
  593074
  582490
  468332
  682209
  819007
  163994
  863679
  540386
  208605
   85079
   42255
  395303
  909014
   83463
  235687
    5073
  973743
  279278
  973506
  865915
   56758
  880882
  465365
   15499
  320249
  604302
  189695
  789079
    4883
  920074
  710083
  928755
  814286
  203878
  686237
  977492
  112913
  842359
  167980
  608901
  819421
  951692
  689864
56327646
  680046
  220070
   86126
  926371
   76085
  810418
  161169
  628707
  145425
     969
 2434397
   37612
  921578
   20063
  663136
  315300
   74242
  190995
  388926
  611210
  499083
  298020
  892663
  903880
  177244
  628319
  983708
  538492
  914836
  784695
  349883
  574144
  390330
  917440
  659054
  567240
20499391
  156144
  637324
  756211
  902063
  598968
   39827
  329811
  101297
  388182
  198701
  131403
  334652
  371211
  408511
   96820
  561280
   20066
  987691
  227643
  656234
   18985
  490705
  148328
   32673
   92892
  242858
  690517
70705175
  328469
   56765
   60576
  401645
  325521
  874620
  758722
  214398
  885099
  722313
  856165
  433265
  763512
  525106
   57396
  183793
  776503
  775695
  951459
  282130
  265038
  952155
  137730
  159023
  238498
  885859
  638951
  513535
  604848
  906444
  368256
  555733
  886106
  606779
  274855
  421416
  945387
  256196
  815152
  345843
  794983
  342869
  161640
  327867
  575039
  161556
  958122
  518252
  860483
  755768
   40649
  832523
  775671
  881674
  174887
  923076
  727945
  583936
  464324
  822468
  774841
  212365
  101639
  440159
  603875
  124987
  435208
  352052
  789539
  755622
  973858
  283147
  629740
  597642
  982291
  172108
  557626
  964631
  356038
  692056
  281034
  583273
  615459
  171830
   68155
  354922
  120269
  763962
  611995
  967964
  701136
  706730
  989529
  585077
  884662
  919415
  308693
  336837
  929858
  974788
  597030
  352671
  203409
  430138
  244863
  958388
  767318
  882532
  618623
  923956
  484026
  559354
  500947
  256884
  550086
  929100
  688348
  546767
  978268
  641037
  925496
  957618
  889821
  655115
  134910
  137745
  156869
  968430
  449924
  865816
   66643
  866722
  644874
  133553
  248429
    2830
  401169
  594727
  308980
  561772
   62811
  381284
   84179
  689078
  555173
  487891
   77841
  169574
  881549
  997579
  540052
  880710
  964536
  117790
  525259
  132360
  203808
  664812
  483654
  720440
  552399
  862552
  613083
  567884
  678563
44006131
   42123
  513421
  512055
  320660
  530590
  435309
  477488
  128222
  549032
  547658
  677752
  101107
  271548
  125514
   32198
  909435
  689886
  166108
  634631
  110123
  426531
  451108
  344755
  495765
  259891
  511306
  970512
  313283
  686231
  641774
  304978
  398861
  558731
  391480
  895989
  803137
  400609
  746875
  223187
  983828
  718789
  682794
97880509
  625855
  122084
  716559
  911898
  843851
  531806
  135235
66858164
  375866
  444204
  175686
  373686
   78831
 9911560
  764548
  513956
  454800
  508430
19387772
  952461
  802893
   87460
  365575
  560262
   64204
  509854
  781706
  423803
  619892
28980945
  809769
  900455
  720974
  856684
  338961
 1356217
  431568
  142268
  759924
  160913
  739124
  710246
  936538
  921336
    8440
  116527
  540720
   72420
  298146
  401660
   97481
  454829
  616337
  236997
  226659
  341922
  899692
  210182
  168691
  468916
  599545
  300279
  259579
  796831
  911736
  960868
   73905
  507155
  832787
  342617
  752212
    5000
  687287
  138516
  154554
  880657
  799988
  197445
  446428
  878140
  809802
   56666
  361402
  358670
  572478
  852294
  201198
  528567
  705660
   59173
  447753
  809976
  564625
  585827
  805475
  852553
  103335
  525616
  331852
  467303
  674465
  913157
  691779
  585018
72647750
  859422
  418013
  120638
  749745
   27622
  678803
  613581
  967524
    9086
  964078
  956880
   61586
  473430
  895127
  998978
  272891
  230383
  384146
  671857
  371534
  321813
  758223
  743160
  699923
    4002
  222892
  817518
   82502
  524898
  519528
  682230
  816758
  750676
  496881
  498256
  760386
  539619
67118058
87752051
  618815
  276267
  218608
  683175
  471315
  707041
  962253
  698439
  969167
  993294
  962311
   16549
  608416
  597927
  153836
  419859
  250970
  799129
   80676
  974329
  922710
   94117
  372426
  313141
  399721
  116210
  898417
  936703
  792309
     918
  204160
  942930
  205227
  745442
  734063
  769776
  776896
  629989
  109915
  383815
  283830
  567849
  930616
   14896
  822230
   65292
  322055
  384506
68068893
   29241
   72998
  483027
  614169
   32890
  638316
  423700
  713586
   26323
  947076
  482390
  794453
  108064
  331559
  835317
  178818
  751704
  417665
  558503
  552844
  246658
  858354
  520630
  169119
  475718
  866700
  482183
  825320
  100188
  404779
  704134
  963928
  266715
  826381
  933140
  158701
  472054
  671002
  669498
  680159
  193357
  334013
  609193
  741649
  433071
  374373
  493595
  245629
  821766
   51945
94970703
  595242
  427521
  577559
  832034
  805130
  284301
  907484
  280103
  388978
  655376
  574543
  560481
  555613
  106735
  638442
   59183
  674051
  454533
  558117
  499343
  530802
  332916
19683875
  691562
  306001
  700723
  523134
  428625
  747015
  502226
  413036
  785433
  752153
  566409
  187039
  840107
  712847
  286892
  222923
  995995
  974888
  314912
  384958
   81322
  494650
43967472
  929253
86289190
91746757
  678325
  334872
  444735
  504182
  181513
  242098
  881194
  875295
  907979
  917498
  163891
  383188
  793798
  759152
   91990
  358331
   39416
  177329
  932974
  701595
  543649
  158195
  133945
  571852
  352605
  347188
  599823
  367206
  865755
96114078
  419087
  284486
  711852
  822901
  869339
  326432
  876301
  597344
  190313
  484319
  428533
  144857
  551290
  894707
  781341
57687280
  255370
  140826
  752156
   14325
  206457
  677717
  325056
  361145
  923161
  732586
  795685
  893526
   82057
  631409
  815991
  551586
  125578
  646005
  219084
  806953
  783438
  803988
  583169
   49277
  953454
  735653
  266243
  599295
  906001
  457298
  548739
  536486
  729982
  326936
   63338
  742287
  260487
   22038
  849527
  376921
  881787
   43440
  620662
   41824
  351142
  815454
  220395
  794832
  323352
   82759
   69245
  335747
  901883
  758237
  543766
  927245
  572295
   25339
  786460
65396320
40070252
  802820
  414400
  830834
  801956
  446428
  260423
  766173
  334158
  568219
  437707
  588341
  552049
  804688
  333421
  658548
  357753
  763660
62450515
  219930
  223388
  687998
   14812
  825819
  115307
   19528
  445714
  582831
   29358
  796724
  647544
95383337
  911389
  100761
  336005
    1780
  234998
  372241
  725305
   27657
  122612
  439297
86439502
  950956
94516035
  586676
  285011
  357955
  529806
  654766
  405974
  666172
   54010
  969613
  635971
  658280
   23365
  431365
  960314
  725860
  542354
  925373
  491236
  995319
  160274
    3095
  809067
  214308
  248083
  928150
     838
  192767
  168505
  892179
  151738
  945079
  996028
  166056
  689163
  439986
  213631
  804666
  481257
  886344
  483242
  343932
  705104
  675806
  744993
   75329
  155947
  573016
  275824
  668520
  404233
  790991
   53836
  568705
  156459
  457824
16914327
  631015
  737223
  966103
  510251
  803893
  811246
  946116
  405324
  972786
  336436
  671962
  415800
  241980
  880810
  102068
   81089
  525091
  725583
  909001
  470198
  770988
  438735
  320197
  229386
  816620
  174421
  938597
   73408
  961103
  900183
  299261
  604251
22134438
  638243
  554691
  982962
  603626
  622563
  481255
  558129
   52723
  185537
  756757
  827686
  559467
  862282
  459970
  952066
  347499
  369760
  970306
  657109
  481397
  270300
  548188
  748632
  874759
  108716
  223015
  439519
  635885
   44614
  721140
  822226
  283527
  657387
  837269
   72519
  356524
  873854
  868437
  933727
  781252
  813836
  724071
  511849
  598688
  594052
  111070
  247389
  928265
  694859
  134787
  791125
  532571
38235855
  207478
  450395
  667472
  777406
  425031
  164668
95771121
  272720
  449064
  679975
13052634
  404863
  502600
  743104
  964477
  151072
  266520
  544274
  530371
  955909
  681496
  927363
  713482
   68926
  616118
  377942
  180729
  116801
  293873
  141108
  920004
  389234
  454933
  679506
  205895
  618605
  927258
  271288
  448413
  712022
  349399
  429628
  772907
  103980
   57979
  182071
  127038
  131632
  808802
  949601
  270127
  384076
  125540
  168408
  309266
  199590
  595553
   48997
  920031
  854478
  867609
  727417
  265589
  724356
   63321
  717186
  269992
  900476
  823402
  961962
  389334
  916351
   37100
  621501
  121305
  572625
  606424
  793889
  934393
  931884
  872105
  416430
  766278
  757492
  389473
  682512
  573240
  900843
  427338
  630938
  111639
    3374
  322343
  329001
  750115
   60374
   33615
   82901
  995553
  182998
  681515
  689465
  170403
  464953
  991957
  407447
  723573
  277924
  436716
  626280
  563602
  752191
  963218
  899006
  335500
  575230
  423929
  536711
  378674
  990585
   19108
  474114
  920158
   18655
  478102
  810646
  860556
  874410
  490081
  366151
  207052
  525316
  376304
  657984
  639579
  267373
  666873
  190869
  137016
  199793
  559555
  900734
  176632
  176330
  159587
   64538
  966893
  707309
  667310
  892689
24035494
  856670
  285361
  839907
  311881
  980292
  206362
  802331
  975780
  699421
  865662
  233956
  459569
  702020
  868574
  494469
  165629
  144571
 2662627
  881191
  680550
  479744
  889389
  936476
  383739
  380466
   29721
  368324
  677756
  411982
  478128
  700445
  688890
  253747
  109817
  280913
  708194
  189698
  476860
  224941
  333118
  771346
  755641
  183049
  180556
  838272
  541374
  841497
  238433
  668523
   90781
  672429
   48265
  893019
  414201
  777310
  772306
  827696
  666826
47108952
  135889
  613870
  471477
  246717
   67106
  677311
   32645
  667866
 2814876
  218311
  199940
  418595
  730877
  929529
   79211
   13224
   10802
  747313
  436449
  569065
  681291
  892732
  366383
  919146
   40512
  216827
  825657
  782577
  919421
  317693
  619973
  496021
  334228
  366093
  536979
  675251
  960146
  480311
  922274
  907762
  257931
  920312
  306661
  217112
  563935
  205638
    2041
  155684
    8302
  459903
  327273
  782450
  734853
53791790
  855409
  282968
  632955
  773938
  936435
  628435
  862233
  324254
  399428
  158968
  847463
15288118
  569949
  678087
  534938
  277704
   46321
    5467
  311399
  616578
  411057
  700252
  668336
  470065
  969139
  551641
  215415
  572616
  919471
  930251
  363993
  111104
  731787
  914688
  695480
  874076
   71021
  549706
  445283
  538414
  596389
  826419
  701364
  771601
  139341
  577908
  502573
  480983
  769097
  659150
97185357
   21455
  233211
  417698
  568583
  836431
  893581
  420660
  528626
  983915
   85110
   50654
  720086
  293112
  452633
  573390
90766741
   83320
  349604
  196811
  332576
  503256
  991149
  394858
  573218
  978097
  624288
  893306
   74692
  534388
   38317
  258632
  993943
  231807
   59297
  662551
  280319
  902929
  549089
  203229
   97595
  448653
  429209
  839603
  776861
  257796
  873895
  550315
  462907
25611386
  393131
  894183
  589172
  357329
  374179
  171230
  322855
  983702
   73534
  698420
   66893
  695906
  776303
75682630
  799001
  607560
  998482
  349698
  247018
  691915
   10460
  736914
  813289
  514080
  382408
  819494
  439801
  391001
  928724
  261832
  241219
49414721
  142551
  486664
  111773
  280482
  173016
  766236
  616321
   70095
   26651
  389311
   44907
  434788
  931627
  654005
  360167
  323218
  296011
   70108
42829638
  657784
  635275
  295589
  179032
  227316
  243085
  852041
  291497
  991810
  936369
  466992
  401363
61801929
   15512
  763296
  360948
  560442
  157828
  467641
   27633
  180072
  959562
  741668
  312050
  846316
40811067
  276404
  190263
  355017
  145933
  754623
  973400
   39615
   98738
  407542
  738187
  681629
  272170
  154091
57607715
  208540
  762519
  904428
  771724
  404765
  278504
88298834
  196889
  589098
  925257
  435814
  349591
   94596
  720707
  471376
  446502
  256445
  774542
  956954
  724229
  405157
  453859
  471492
  825565
  386287
   61294
  382495
  468659
  338687
  197422
  701486
  681894
  498362
  574090
   23463
  826193
  403073
  883195
  412265
89194623
   50923
  589105
  816094
  120002
  920279
  644405
  529342
  507906
   64560
  596775
  778298
  517115
  402555
  174950
  562928
  970264
  310228
  962771
  606472
  126218
  788538
  319938
  412012
  703130
  583665
  232064
  529870
  957060
  601226
   32614
  800585
  344700
  108388
  679826
  525302
  474034
  184411
  360032
  562060
  750504
  845803
  619732
  423804
  338755
  163501
  278464
  182540
  118207
  401976
   51093
  123283
  684250
  350670
  153536
  484680
  713433
76167930
  664986
  114615
  452715
  687409
  251993
  540644
    2384
  551700
  948250
  901865
  176119
44024067
  686916
  435507
  441847
72263779
  869319
   71713
  757325
  838457
  231700
  177865
  489038
  172631
  462083
  252092
  711309
  204000
  615063
  157930
  165036
  442432
  160328
  903736
  254667
  745439
  797762
  123541
  646575
  581721
   86157
   82825
  365737
   73289
  142310
  451828
  903085
  499894
  747853
  338240
  898394
  881914
24407473
  113628
  493693
  294912
  870669
  327698
  797729
  755288
  631073
  542306
  779739
  634377
  449372
87809702
  573840
  872073
  156929
  182663
  330673
  940717
  275720
  881684
  202777
  456489
  810945
  598168
  899951
  637511
  294238
  394277
  607691
  956888
  789686
39016733
  946431
  988759
  774379
  261725
62927193
  313349
   48211
  537393
  795323
  131511
  425414
  448313
  458748
  380297
  245353
58688500
  525241
  827676
  812869
  127504
  434321
  863116
  820727
  737450
  280014
  157388
  609275
  686264
  725152
   29285
  784007
  698626
  845470
  281976
  431502
  798439
  342227
  292568
  456504
  271505
  423629
  560780
  865162
  992987
  149585
  908280
  479197
  754212
  981552
  855755
  386570
  340192
  134192
  737726
  430638
   27724
  407897
  864646
 9752528
  554985
   67553
  619202
  571774
  455602
  804899
  517672
  421815
  123512
  718709
  897394
  434072
  159318
  136728
   63070
   24533
  166812
  781427
  232483
  764595
   80357
  996991
  936610
   98452
  330692
  831938
  474938
  531188
    2013
  781467
  271170
   80385
  289274
  910167
  733613
  573549
  733131
  394807
58334628
  444170
  258668
  355788
  724983
  969481
  832797
  798494
  348929
67969346
  399779
  619095
  745747
  649615
  934995
  478690
  824700
  217169
47039288
  115343
  857567
  213674
  604791
  799505
  244290
  723277
  827836
  458163
  694399
  435431
  409734
  302041
  162046
  628025
   10045
  946143
  498782
  728681
  398555
  391626
  873419
  741613
  523996
   60202
  431713
  624081
  549851
  607415
  305918
  425783
  652029
  556205
64846697
  935239
  313905
  891139
  879171
  191033
  770933
  351374
  826664
  387433
  970880
   70140
  519723
  972970
  522042
  848672
  316691
  970173
  711815
  164859
  985872
  126669
  520234
  572977
  800216
  969797
  854977
  641791
  520793
  614494
  158912
  628975
  899836
  727403
  742041
  782898
  913286
  708495
  916463
  522807
  106288
  819698
  565545
  989659
   59702
  836512
   92347
   29351
   16907
  664455
  235667
  816833
  911668
  967539
  168855
  760197
  436713
   45115
  627909
  551150
  598956
  393484
  404133
  335990
  889718
  625311
  635471
  843454
  476740
  913008
  948831
  671046
  690123
  711170
  913327
   28926
  176596
  945549
  115133
  550608
   61830
  267844
  709673
  939366
  229746
  829377
  825362
  314079
  780442
  881276
  348970
  796694
  519756
  262181
  771729
   97626
  786555
  812153
  185305
  901768
  528926
  330344
  727544
  433611
  389281
  618027
  293409
  456188
  479771
  424587
   39959
  558900
14973863
  929262
   69808
   65565
  712635
  458966
  687291
  862906
  745497
  728008
  313505
  314024
   79434
  969104
  677000
  567044
  610129
  669215
  951792
  226474
  945089
  837927
  498045
  321826
  960992
  999654
  985277
  379714
  287757
  328919
  943810
  531299
  724996
  557764
  187297
  164811
  356998
  260628
  769978
  409879
  435250
  274243
  396423
  171418
  394391
  212630
  494276
  252542
  831194
41770149
   62178
  939819
  732983
   31381
  818981
  124486
  832741
  362082
  259529
93506855
  279920
  809044
  131522
  603346
  406205
  374709
  979154
  834941
  297959
  415580
  431879
   22882
  401894
  365289
  491262
  869105
  935050
   86031
  231003
  430359
  268034
    7231
  819882
  424659
  600161
  727796
  725058
  549019
  278447
   46634
  728265
  773476
  872309
  684392
  791153
   12290
  533980
  279145
  187606
  653847
  642679
  975731
   34528
  493513
  441525
  663857
   93460
  399219
  196503
17708669
  720543
  301138
66320584
  782167
34200367
41010083
  496640
  105973
  267338
  729913
  202087
  776777
  892005
  393532
  563225
  144988
  295349
  203433
  292414
  287421
  672278
  372994
   75062
  220077
  309921
  128332
  571203
  971314
  387606
  637455
  691285
  876073
  525187
  745609
  790786
  963105
  452795
  513465
    8929
  626661
  426808
  535991
  724847
   80956
  509036
  845547
45501208
  393032
  767082
  421313
  673641
  889732
   58689
  821315
  321817
  696958
  614935
  314161
  151982
  106133
  498723
  161075
  604396
  634707
   36138
  998575
86121058
   71775
  321684
  136539
  561564
  254914
56490711
  426203
  728195
  696812
  858426
  662078
  878636
   10889
  940202
  374217
   71409
  571793
35941921
   35652
  733501
  328527
  578157
49205863
  912229
  223734
   29601
  836995
90950351
  848868
  988406
  378020
  554170
  847687
  633261
  955595
  896058
  176062
  242046
35297097
   17767
  208838
  808638
     172
   95347
  951197
  992388
   14537
  608956
   24297
  455564
  693012
  327168
  764614
  563990
  488283
  389291
  933495
  799622
   56973
  478845
  987337
  722577
  168873
  843116
  791617
   82971
  598211
  132199
  627458
  286474
88989666
  367809
  413815
   40916
   72654
  843440
  886884
  184237
  984391
  323794
  847613
  591623
  435585
  574043
  931876
  377676
  980357
  205131
  797809
  590440
  211856
   87146
  816271
  130282
90432666
  221885
  347625
40805605
  412064
  792184
  930965
  759442
  255278
   45694
  339836
  843875
  582472
  113109
  154823
  358837
  649358
  443046
  734308
  843860
  687797
  446709
87171149
  768073
  510130
  304122
  209351
   88375
  708132
  680133
  513436
  682148
90896185
  656722
  913177
  995534
  418894
  207059
  958564
  114996
  301097
  990878
  255953
  600982
  425827
  674753
  118651
  634862
   19215
  856787
  758851
  235439
  624406
  979592
  832308
  217600
  553313
  902041
  693739
   54678
  999065
  886030
  159372
  588692
  335751
  299204
  206109
  833146
  842355
  655438
  868932
  782580
  503494
   58760
  674825
60358422
  987271
  377059
15090365
  540213
  927582
  860057
  448138
   63254
  213643
  625461
  275555
  453656
  229960
  458817
  987115
  615621
  857650
  596445
  514217
  143519
  523523
  424825
   55108
  263276
  459640
  263856
  176142
  415243
87934960
  752279
  439274
  650078
  180666
   71306
  901576
    3697
  259214
  813945
  704719
  564622
65643919
  308363
  382981
  546914
  383329
48451913
  931042
  690706
   81328
  639156
  662094
  875326
  541308
  635268
  389614
  468162
  140259
  289108
  808948
  331032
  995384
  907666
  469461
  470268
  931177
  558928
  181295
  100458
  444892
  160624
  935872
  567753
  432471
  766248
  943340
  634665
  455593
  350414
  332314
93611055
  267594
   69526
   31252
   16681
   82241
  628050
  160699
  580225
  347457
  454089
  993160
  561122
  774566
  220505
    7974
  807320
  558174
   93103
36143183
  783810
  374364
   75450
  405419
  175244
  227705
  540424
  272697
  501580
  881762
  506485
  640266
  629560
  452175
  269351
  615345
  273435
  459702
  164038
  347339
69242652
  645840
  454775
  230835
  969506
  647619
  568543
  693333
  402942
  116164
  297263
  526291
  666280
  481362
    7304
  450406
  576282
  827075
  537827
  814367
  687201
  171188
  640925
   51012
  898248
  100828
  671164
   38042
  983405
  323370
  521316
  190988
  376834
  661447
  489867
  443573
  680213
  836037
  701970
  750477
  904976
  755536
  256032
  753847
  101695
   19927
  565390
  805895
   54929
   18973
  321392
   88798
  158335
  246606
  996771
  889234
  602402
   46567
  270631
  186665
  288999
  856661
  463495
84141512
  704588
   51080
  154427
  451380
  470370
  228802
  923572
  819668
  485664
  374724
  600049
  684049
  550363
  641114
  969003
  267588
  423031
  226502
   28180
  590704
  771016
  540834
  133617
  283867
  492304
  996953
  842734
  213082
   69444
  943513
  625655
  634575
  373830
  711918
  696790
  197202
  643021
  421143
  375042
  256151
  972901
   27794
  673882
  659196
  810964
  473465
  598112
  782544
  897595
  210432
   15714
  837802
  502449
   10290
  176614
  544446
   59256
57852710
  498575
  624325
  785712
  138498
  405981
  106632
  802861
  715219
  675712
  779220
   46137
  365729
  759548
  997233
  202528
   78453
  992455
  576102
  726612
  401483
  676408
  359156
  476228
  701818
  637101
  986121
  796783
  361056
  644685
  358345
  354763
  739964
  112678
  574882
    2964
  878532
   69131
  721197
  235825
  121798
  793233
  426099
  494735
  180205
  171401
  339840
  422683
  833578
  976470
  340970
   63261
  453723
  992450
  741772
   38592
  771886
  933899
  252084
  548809
  712945
  540972
  920737
  751669
  436864
  753731
  194535
  981179
  272986
  913101
  835483
  207822
  696673
  586875
  402684
  957201
  399765
  403806
  688955
  677380
  400604
  881084
  876455
  841516
  942519
12328314
  240321
   16744
  839491
  522818
  103335
  627385
  400791
  660171
  822463
  974893
  738201
  873609
  539730
  279365
  873111
  130620
  857446
   25675
  250749
  360177
  402448
  127444
  591206
  113374
  709191
  150981
  138966
  747060
   50722
  856381
   53996
  143399
  745413
  221034
  646968
  844271
  265381
  116251
  158442
  919758
  535953
  167785
   68468
  385156
  456977
  160496
  159760
  764574
  165138
   56330
  978972
   87730
   32383
  866218
  321714
  189737
  349587
  908481
  274216
    5303
  497051
  650583
  454337
  816164
  296001
  176144
  647566
65028659
  673062
  247705
  245690
  529606
  572713
  508112
  716656
  238141
  552431
  876067
   24182
  767816
   86484
  111274
92217623
  573114
  474787
  976437
  656401
  521089
  211659
21612533
  236683
  517642
  967426
40128908
  277080
  713537
  811305
  899387
  728447
  709392
  212810
  285725
  438494
28077796
  909973
53268087
  755376
   34213
  424699
  998469
  492054
  705090
  656596
  419547
  265264
  888853
   23253
   69410
   13123
  613913
  754625
  214387
  750457
  977357
  635895
  755081
   87375
  732242
  848724
  278868
  355879
  730468
  187924
  300842
  948726
  167473
  205729
  474130
  425141
54071574
  781101
  555397
  369573
  925501
  782376
  905016
   15661
  404852
  932696
  730987
  434250
  749558
80265126
  259867
  476885
  228507
  870810
  911625
  253081
  231217
  835771
  289437
  526819
  103626
  221794
   58404
  884865
   18337
  890954
 4645287
  928813
  151080
23750593
  491499
  659385
  201725
  501884
  581558
  833125
  748903
   93475
  503565
  777215
  491060
  110917
  996689
  835492
  245842
  379054
  738356
  914323
  860733
  402830
  943622
   87780
  860705
  396199
  351659
  486150
  350991
  582455
  170529
  394345
   42403
  896888
  929245
  236219
  567865
  252894
  923559
  489922
  409814
  587890
  438370
  236881
  822439
  502743
  131881
  369271
  553259
  398010
  506549
  110244
  951030
  321686
  775244
58777752
  192827
  394624
  865692
  701747
  491748
  956392
  799472
  622367
  370286
  898815
  865943
  509650
  915058
   10234
  762840
  298658
  921169
  759416
  729838
  846057
  721311
  341415
  695402
31595270
  104219
  339270
  997413
  341281
   86683
  642830
  696723
  246779
  743830
  952968
  950176
   16620
  484544
  428891
   19982
  917692
  717321
  524140
  393574
  454684
  687157
  139467
   85991
  521880
   92937
  820716
  355477
  685001
   24741
  776680
  444677
  715986
  749903
  676956
  817044
  825815
  753213
  332037
  873724
  418460
   79443
  707707
  537357
  214822
  826410
  642223
  606554
   44035
  963809
  454124
  954783
  790890
  996148
  618948
  844600
  144972
  922934
  963811
  697565
  604769
  103714
  152703
   68579
  843069
  990816
  421835
  973125
   78234
  596311
  803630
  174968
  937060
  130534
  252939
  475622
  660127
  470035
  988952
  506356
  198339
  303003
  259592
   82200
  704597
  167053
   62304
  202002
  993655
  313458
  399616
  217640
  182483
  152631
  361902
  263528
  447505
  828650
   33658
  133449
  803268
  268797
  889290
  783914
  814135
83767187
  930911
   77324
   49019
  291217
  695065
  461602
  971179
  381571
  676121
  285646
  906030
   51551
  231696
  293096
  288073
  164661
  772616
  166615
  275033
  992656
  661740
  199498
  305109
  182316
  106436
  500430
  583844
  482433
  121297
   16877
  832616
  237102
  277528
  847023
  550766
   87680
  265447
  392987
   54195
  491282
  489182
  193386
  883938
   87803
  863268
  550375
  719364
  908965
   68208
  697134
  686214
  271113
   59939
  778123
  974876
  823392
  767943
  910174
  872640
  361569
  214229
  871758
   56393
  482002
  383841
  843819
  136879
  263531
  110700
  959970
 1928348
  751634
  315140
  565278
   54834
  228833
  418099
  614081
  824370
  408061
  416696
    3418
   68738
  651036
  458911
  744414
   74456
  319028
  822585
   42303
  321069
   29339
  711816
  180959
  866765
  986805
  753941
  981059
  605063
  948583
  782341
  129507
  913722
  193584
  315276
  154797
  632903
  987984
  943146
  983030
  961910
  153226
  211034
  410296
  595978
  134685
  311289
  936587
  387696
  575576
  849364
62876778
  873671
   48341
  783703
  991642
  515635
  124429
  662537
  765982
47571914
  548580
  939488
  903833
  381551
  101487
  281542
47479085
  816972
  839414
  924871
  767639
37870696
  822518
  136781
   44010
  672674
  841336
  750281
  398192
  742477
  104287
  398288
  410708
  416865
  437640
  730518
  581336
   56027
  729968
  459504
  944946
  177751
  744061
  783419
  530280
  960163
  730096
  463555
   19400
  608066
  178314
   80360
  886738
    8665
49468404
  248548
  768023
  281898
  604392
  401965
  829944
53668867
  879233
  740761
  458158
  440020
  954961
  515408
  389134
  539424
  621657
  205288
  251339
   23724
 6920492
  927114
  781943
  821387
  601465
  646969
  691936
  595014
  602691
  538161
  400786
  350914
  513851
  686691
  834131
  626859
  347223
  949799
  504630
  225661
42103895
    2177
   85711
   91170
  629563
  485211
  115806
   48291
  388659
  197935
   80037
  653772
  445064
15896061
  996605
  317450
  727312
  361134
   50888
  608859
  110476
  275838
  471165
  888956
  871687
   16190
  551973
  946330
16130744
48185871
  479879
  103992
  154306
  395496
  446559
  297967
  557256
  724828
  555568
  768095
  739244
  760609
  163557
  162036
   86383
  885932
  169765
  307446
  457949
  925221
57072825
  546168
  822231
  694278
  905573
  266153
   91489
  927527
  920438
  994684
  211500
  727982
  413018
  111201
  622903
  424195
   90088
  718981
  511066
  658845
   44405
  714363
  469685
  682665
  231719
   45702
  597315
  198297
  740163
  569389
  289218
  599821
  131914
  654607
  423526
  757406
  135564
  398985
  349533
  866977
  628883
  349577
  276170
  613548
  847155
  818083
  987402
  903500
  453613
  981599
  889167
  439937
  780243
  382303
  484293
  966899
  258007
  540421
  534169
  852770
   15951
  371888
  735431
  978727
  300537
  387467
  296824
  224698
  927680
  633058
  621325
  461687
  793486
  253576
  819351
  234790
  834640
  694400
  895749
  306272
  855591
  809082
   34253
  861570
  867355
  880279
  872977
   71727
  818366
  428114
  792991
81111481
   82166
  107034
  571349
  287022
  244679
  405855
  163600
  560316
  812116
   38804
  748698
  342769
  230171
  603766
  151487
   56959
  936228
  582374
  690639
  632997
  923055
  936392
  817889
  936296
39577412
   42494
  476196
90036457
  758404
  869084
  985358
  202500
  388376
  624879
  755197
  717475
  434946
  213117
   10961
  894828
   65498
  315613
   10600
  343111
  731369
  849670
  233525
  320427
  350267
  758873
   34025
  369558
  726849
   38480
  976886
  987414
  149573
   25057
  597446
  282973
  824975
  498256
  393713
  527815
  811272
  878181
  925682
   50527
  456960
   66508
  599780
  175034
  139510
  750975
  474235
   54742
65760833
  385844
   73899
  590864
  738426
  168758
  747616
  781090
  451731
  961006
  167552
  654789
  249990
  236649
  371321
  512503
  456388
  714170
  526012
  629221
  323128
  373937
  847793
  770336
  112734
  476218
  151601
  640760
  334445
  762487
26200081
  679466
  431809
  522261
  245633
  938563
  868750
  405758
  225872
  629270
  694646
  962623
  779772
  956392
  435482
  885184
  156217
  306298
  916509
  914148
  823494
  908821
  888221
  147530
  110159
  306943
  928154
  748198
  776718
29441239
   10193
  731874
  763920
  577206
  579179
  687870
  784408
56087705
  702972
  944401
  548461
  902673
  167362
52162394
  344806
  570514
  897521
  568361
  115461
  364362
  917156
  753044
  764199
  792971
  111325
  946133
  887881
  991024
  974243
  518190
  812927
  212134
  356122
  315054
  612739
  305233
  171466
  749001
  321949
  995017
  927390
   78991
   29971
  540327
  360822
  919082
  231321
  653702
   39353
  697203
  319677
  661381
   51098
  557844
  916148
  823097
  856884
  469807
  871953
  865651
36370916
  567981
  302555
  312578
  676364
  989141
  105235
  663621
  660029
  934329
  416201
  339873
  589829
  320081
  278614
  162403
   46657
  282452
  214687
  271476
  293266
  921086
  934496
  668289
    9579
  506174
  331611
  759687
  633235
  215495
  830897
  316759
  786945
  330827
  956239
  483226
  299929
  382641
  923883
  195681
  196022
   38467
  421396
   51889
  923071
  461707
  789780
   56784
  602642
  592963
  995788
  967603
   99681
  166369
  673268
  330531
   34376
   16372
   73164
  672369
  284562
   23877
  101296
   96748
  121928
  617624
  773921
  410879
  713397
  742299
  506991
  337276
  887163
  952393
  768865
  876704
  239348
  299853
  317126
  416440
  210692
  869439
  756118
  543738
   14328
    1236
  140864
  627967
  617552
  778524
   96982
  794713
   62655
  238201
  119463
  924392
  881105
  196647
  770910
  347408
  243231
  150264
   61876
  884795
 1064011
  761589
  565317
40537056
  897829
  160318
  933471
  503275
  735541
  850406
  765236
  775966
   65735
  649478
  131349
68844089
77331534
  359077
  527959
  787533
  426129
  919932
  554896
  615750
  474447
  117288
85111098
  150454
  861803
  974831
  746141
  808995
  773062
  715864
  686941
  112510
  974607
  584837
  915216
  902821
  103359
  954457
  601261
  420286
  552037
  147933
69116243
  811490
  218347
  758458
  616362
  995416
  877095
  296243
  631350
  673246
  485102
  573800
  601944
  820321
  509741
  502027
  314981
  220070
  853898
  338643
  809957
  789547
  109325
  661782
  203648
  511196
  405897
  344498
   26829
  952000
  921628
  239601
  846525
  987537
  686561
  674789
  600895
  862295
  560094
  720396
  551346
  785828
  129820
  757832
  458103
  610347
  471703
   84042
   49094
  273632
  934133
  512463
  141137
   53585
  458856
   97965
  810223
  209346
  897947
    3268
  765663
  385527
  775497
  736293
  525704
  471082
  687363
  408928
  628653
   56469
  852574
  247166
  521848
  712739
  957038
   20781
  493198
  920656
  447019
  329542
  673882
  634738
  787392
  171424
  812407
  503388
  247666
  971366
  668630
  827289
  731262
  844047
  113416
  209728
  400813
  486321
  935911
  337512
67423429
  392088
  229518
  375394
  690084
  425696
  728857
  525582
  861816
  682652
  150352
  763583
  285697
  989556
   50263
  647699
  367195
  305671
  285497
  480472
  386185
  420699
  602643
  891607
  769410
   32962
  166070
  468967
  174267
   70841
   80282
    3570
    4719
  971664
  467555
  563571
  512366
  194503
98112797
  691055
  312757
  736991
  522061
  650779
  620856
  492799
   70004
  580506
  530397
  312854
  769554
   37758
   51446
  229528
  902636
  989379
   88482
  891444
  901303
  635440
   94477
  908418
  371335
  698992
  726705
  764868
  415081
  186699
  562838
  426303
  630502
  742506
  507209
  144621
  455751
  370008
  312908
  168933
  909323
  237355
39832751
  430296
19822111
  832175
  743023
  213569
  898301
  247731
25542145
  273028
  528001
  158800
  225952
   54611
   87922
  867404
  215992
  951090
   96786
  214253
  846741
   83833
  129947
  211801
   82550
  117149
  486139
  498866
  502472
  705210
  954453
  937369
  612211
  527511
  543542
   91366
  834763
  301150
  780764
  591666
  832966
  709095
  511527
  494469
   98751
  879812
  730027
  595795
  459802
  999775
  699771
  119530
  268428
  960442
  518136
  225168
  583459
  908669
  288746
  101088
  757493
  474307
  582560
  136794
  340562
  257408
  694301
  847437
  474014
  345692
  269862
  156150
  421023
  220525
   33229
  746173
  207097
  550405
  203733
  116174
  732428
  546717
  248714
48461615
  335531
  847136
  869613
  822747
  670771
11892571
  954778
  912795
84570934
  482509
   76859
  930540
  155947
  816656
   21642
   68956
  685793
  282928
  461362
   80982
  272712
  442995
  991114
  916553
  399736
  423969
  880915
  559163
  584377
  787297
  651835
  934989
  716512
  636247
  450207
  101355
  665202
  517938
  610997
  748985
  952276
  673698
  177287
  694149
  382151
  587566
  766430
  935700
  514443
  181324
  836658
  779464
  865692
  406382
  815646
86733879
  901557
  622529
  457697
  675039
  192142
  768452
  333455
  426093
  275753
   46199
  230886
  519578
   43199
  884594
  200647
   37370
  752626
  740053
  875636
  518512
  172947
  477950
  424627
  269561
73766899
  773539
  189145
  231112
  693870
  706778
  853654
  330366
  113583
  542746
  164111
 1292153
  231498
  539869
  674959
  813627
   54308
  995866
  351392
   29222
  281129
  626150
  157123
  511902
   91924
  741478
  924227
  138238
  761762
  153840
  678265
  208701
  693459
   56021
  136128
  653941
  825946
  148759
  407560
  756439
  849155
  939815
  726005
  117815
71105914
  410512
  539487
  862754
  482597
  502473
  130503
  983266
  480622
   25705
  965721
  364121
  557155
  687946
  305384
  306548
  249515
  296772
  304715
  342412
  469692
  726987
   15317
  238791
  586524
   88847
  313067
24632738
  876212
  283600
  304279
  116320
   42713
  716477
   20380
  503547
  948683
  909528
  447425
  337545
  995876
  301412
   43752
  485929
  929645
  897657
  837755
  178591
  794255
  160981
  578591
  529849
  586312
  419093
  940031
  808439
  683841
  199189
  141767
  867620
  657282
82991552
  855221
  948036
  397997
  744851
  908928
  578796
  228691
  528681
  964034
    9628
  347240
  272586
  908215
  495316
  895617
  592002
  231247
  220561
  982248
  530260
  994414
  850262
  551692
  449101
  614196
  791031
  499836
  884962
  263671
  495903
   78437
  810846
  702711
  652018
  402474
  327951
  231576
47400340
  636548
93583163
  681004
  252610
  676900
47688604
  376810
  348107
61953829
  243385
  939137
  124475
  382396
  830272
  505599
  243323
  916557
  691637
  166282
  257218
  410284
  471746
  670723
  874035
   42099
  940665
  512617
  610536
  497730
  313437
  815682
97259067
  387671
32118321
  680096
  874982
  332643
  204372
  554511
  845153
  616876
  207754
  552097
  129802
  576030
  564010
  203069
  228094
  955799
  218865
86649622
  460309
  808370
  177688
  710480
  734271
   41836
  329980
  290224
  695976
  321614
  325093
  672758
  297755
  447725
  562518
  833422
  958893
  221693
  147736
   63208
  432272
94794172
  948390
  701691
  178532
  932500
  756438
  397488
  977115
  998262
   65770
   48471
  338889
  553212
  969237
  129258
  224635
  779078
  203885
  570299
    6902
   77760
    7419
  302682
  560310
  620047
  792865
  842294
  103579
  660244
  898762
  951859
  512371
  693144
  598013
  210498
   52664
  438167
  598636
  195175
  438660
  287809
  289548
   91936
  220529
  229411
  692224
  211290
72520339
  523839
    5279
  858118
  741550
  169784
  622504
  403791
  161469
  856285
  584620
  224960
  297243
  494545
  655991
  359965
   64460
  529260
  259838
  580037
  506100
  336885
  269277
  748556
   85412
  157444
  938054
  860645
  144082
  809122
  599011
  547993
  912824
  641632
  176515
  943152
   20914
  366741
  360389
  821858
  472220
  907614
22253146
  619243
  956355
  372365
  670707
  660628
  252344
  293252
  819204
  414681
  264442
  928814
  319845
  253957
41400538
  626366
  270569
  671083
  948273
  838743
14998016
  802716
   57304
   58483
  602297
  141903
  796814
  755157
  968709
  998644
   22101
   59828
  377162
  941136
   58488
  128696
  314520
  807416
  741788
  149361
  896658
  796560
  958226
  945955
  727719
  929355
  373442
  247948
  379631
  327916
  599990
  656786
  429564
  199766
  128844
  185211
  124435
  625067
  543887
  749628
  770648
  171325
  458628
  687768
   88031
  568970
  404034
  234476
  860567
  141844
  243619
   67290
  488467
  901065
  844825
  982316
  336868
  614571
  864267
  251890
  889544
  713263
  398220
  905135
  813429
  895359
    8477
  820159
  827303
  636523
   24062
   10232
  613688
  175618
  527523
   91132
  792538
  499191
  181658
  179081
  643743
  904633
  636104
  704131
  867556
  930674
  103496
  619986
  379204
82608154
  248163
  780600
  198469
  197602
  980126
  260861
  901203
  212073
   62977
  218541
  657631
  450166
   11651
11387983
  440219
  957923
  387310
  866362
63743047
  784963
  988950
  930453
  598575
   71084
  400139
   28433
  686732
  342667
  675720
  344521
  994730
  975383
   14207
  576453
  167893
  229542
  971690
  677817
  441417
  600520
  623123
  210489
  142008
  439407
  653808
  241406
  932436
  184628
  325852
  141585
  581955
 4875474
   79938
  200708
  876381
  717254
99472574
  338531
   37981
  870075
  836131
  213526
  513877
  492005
  386114
  163604
  191051
  195108
  804920
   98618
   63373
  926174
  437697
  944272
  233717
  278768
  234673
  673939
  906035
  208197
  553918
  823455
  630259
  889228
  828282
  266114
  459623
  620590
   74331
15896686
  845160
  511127
  268064
  574688
  775926
  649918
  508153
15091389
  273865
  184008
  369420
  221272
  824908
  720854
91985712
  248520
21067805
  814202
  450676
  660280
  616101
  559730
  648437
  131875
  351507
  490723
  161751
  739954
  708762
  430460
  786628
  543110
  688038
  469114
  608141
  222829
  784149
  630434
  607382
  643574
  562030
  468712
  740530
  120764
  154750
  875667
37798469
  154904
  993193
   97139
  404935
  321185
  755514
60445850
  248884
  233269
  492351
   37333
  450130
  498665
  962026
  891987
   83890
  509475
   95993
  441275
  437071
   80433
  448932
   96949
   35813
  377846
  255416
  982108
   58651
  968121
  811016
  381713
  744865
  795353
99784592
  602607
   48805
  294276
   52466
  307304
  879765
45952588
   93026
  409939
  310878
  949549
  120814
  689367
  932079
74816622
   35098
  956234
  233205
  987766
   26470
   34205
  383795
  743541
  875897
  945865
  726920
  211570
  261650
  270390
  229208
  421118
  159400
  601065
  835544
  710827
  935516
  277808
  130338
  317964
  473528
  653364
  471734
  964628
  799262
  893943
  751407
  271129
  690334
  659893
  666131
  183488
  292976
  314053
   54993
   69771
  789771
  731188
  186833
  756924
  378280
  481775
  873840
  960724
  271186
  340223
  749547
  555528
   41729
  769127
  170797
   35676
  157453
  785382
 7693316
  640357
  318755
   58567
  720163
  129431
  868816
  511760
  503694
  239913
  990562
   65459
  415730
  464741
  907995
  246008
  195505
  601806
  961344
   47106
  239490
  339846
   17909
  584752
  305891
   85835
  373590
  704925
  220703
  365956
  286313
  382287
  947218
   61514
  910767
  705814
  413375
  699952
  946191
  557890
  933604
  997005
  996540
  340386
  420192
  474379
  298668
  281965
  578739
  137637
  478999
  284082
  285489
  385551
  352217
  448466
10809723
  561888
  301174
   53380
  612846
  483704
  217631
  475842
  608265
  179801
  685904
  890981
  453400
   18065
  199162
  507601
   81034
  976192
65578146
  712322
  499096
  430258
  294366
  965945
  339469
  535633
  787646
  882305
  900814
  547102
  813186
  602930
  414698
  421026
  977152
  829843
  177422
  321914
  129482
  598457
  977173
  763573
  622282
  767670
  214002
  864690
  505655
  839001
  176165
  608965
  456477
  693118
  859769
  681594
  772029
  563287
    9609
  653764
  437548
  145378
   89491
  793572
  254166
  730772
  235657
  383178
  945385
  371734
  156102
  266462
   51467
  342460
  207927
  911154
  167541
  319547
   94429
  270964
  131107
  850841
  218107
  208507
  934881
  755817
  663025
  570654
  619575
  162172
  541943
  377258
  154216
  221007
  252795
  188419
  345573
  392613
  152733
  382369
  218156
  689771
  761775
  480034
  305823
   72334
  241429
  498458
  579543
  579732
  205947
  475738
  253924
  608741
  753194
  628173
  706495
  464768
  555613
  575732
   54359
  292204
  618936
  256730
  339465
  146008
  634175
   64073
  817772
  644647
  550959
  632052
   85956
  535135
  906520
  245595
  954229
  264004
  435218
  715559
  497373
  865639
  929127
  251387
  437655
  601388
  702076
  219516
  406968
  489731
  872317
  193508
  147636
  669226
  304440
  346251
  288455
  451548
  338352
   64848
  329429
  875000
  344498
   37720
  787287
  721812
  471162
  269762
  345314
  309488
60053071
  339593
  740819
  567044
  765265
  375769
  357039
  985781
  258866
  127851
  385040
  268632
  163539
  391584
  294530
  566501
   40647
  635643
  706083
  333209
  202599
  884637
  527471
  433315
   30784
   59680
  328712
   16013
  464384
  501197
  143042
  909669
  874842
   88623
  750775
  990268
49047946
  800465
  745191
  989989
  185394
45323385
54162113
  213377
  5